Grid 1-> [[7,0,0,0,0,4,0,0,1],
[0,2,0,0,6,0,0,8,0],
[0,0,1,5,0,0,2,0,0],
[8,0,0,0,9,0,7,0,0],
[0,5,0,3,0,7,0,2,0],
[0,0,6,0,5,0,0,0,8],
[0,0,8,0,0,9,1,0,0],
[0,9,0,0,1,0,0,6,0],
[5,0,0,8,0,0,0,0,3]] 

Grid 2-> [[0,0,0,0,5,4,3,0,6],
[0,0,0,0,0,3,2,7,0],
[0,0,0,7,2,0,0,0,1],
[9,0,0,0,7,0,0,5,3],
[0,0,0,0,0,0,0,0,0],
[8,2,0,0,1,0,0,0,9],
[3,0,0,0,6,1,0,0,0],
[0,4,6,9,0,0,0,0,0],
[7,0,1,5,4,0,0,0,0]]

Grid 3-> [[0,4,0,0,0,0,0,0,0],
[8,0,6,0,0,0,0,0,7],
[5,0,0,0,0,0,1,0,0],
[0,0,5,1,9,0,0,6,0],
[0,0,4,0,5,0,0,0,0],
[0,0,0,3,0,0,0,9,1],
[0,0,0,0,0,2,4,3,6],
[0,9,0,0,0,0,0,0,0],
[0,0,0,0,0,8,0,2,0]] 


